2795,-3.629523,-2.4045377,-140.50465,-122.45645,-58.411488,1,TRICEPS_DRUECKEN
2796,-5.818851,-1.8466084,-140.86438,-121.390076,-61.998566,1,TRICEPS_DRUECKEN
2797,-5.818851,-1.8466084,-140.86438,-121.390076,-61.998566,1,TRICEPS_DRUECKEN
2798,-5.818851,-1.8466084,-140.86438,-121.390076,-61.998566,1,TRICEPS_DRUECKEN
2799,-5.818851,-1.8466084,-140.86438,-121.390076,-61.998566,1,TRICEPS_DRUECKEN
2800,-5.818851,-1.8466084,-140.86438,-121.390076,-61.998566,1,TRICEPS_DRUECKEN
2801,-5.818851,-1.8466084,-140.86438,-121.390076,-61.998566,1,TRICEPS_DRUECKEN
2802,-5.818851,-1.8466084,-140.86438,-121.390076,-61.998566,1,TRICEPS_DRUECKEN
2803,-5.818851,-1.8466084,-140.86438,-121.390076,-61.998566,1,TRICEPS_DRUECKEN
2804,-13.458186,-3.4940555,-139.85138,-122.2164,-58.923985,1,TRICEPS_DRUECKEN
2805,-13.458186,-3.4940555,-139.85138,-122.2164,-58.923985,1,TRICEPS_DRUECKEN
2806,-13.458186,-3.4940555,-139.85138,-122.2164,-58.923985,1,TRICEPS_DRUECKEN
2807,-13.458186,-3.4940555,-139.85138,-122.2164,-58.923985,1,TRICEPS_DRUECKEN
2808,-13.458186,-3.4940555,-139.85138,-122.2164,-58.923985,1,TRICEPS_DRUECKEN
2809,-13.458186,-3.4940555,-139.85138,-122.2164,-58.923985,1,TRICEPS_DRUECKEN
2810,-25.568384,-4.3157964,-139.93605,-122.423416,-57.291912,1,TRICEPS_DRUECKEN
2811,-25.568384,-4.3157964,-139.93605,-122.423416,-57.291912,1,TRICEPS_DRUECKEN
2812,-25.568384,-4.3157964,-139.93605,-122.423416,-57.291912,1,TRICEPS_DRUECKEN
2813,-25.568384,-4.3157964,-139.93605,-122.423416,-57.291912,1,TRICEPS_DRUECKEN
2814,-25.568384,-4.3157964,-139.93605,-122.423416,-57.291912,1,TRICEPS_DRUECKEN
2815,-25.568384,-4.3157964,-139.93605,-122.423416,-57.291912,1,TRICEPS_DRUECKEN
2816,-38.106884,-5.3023686,-139.90001,-122.92384,-55.410767,1,TRICEPS_DRUECKEN
2817,-38.106884,-5.3023686,-139.90001,-122.92384,-55.410767,1,TRICEPS_DRUECKEN
2818,-38.106884,-5.3023686,-139.90001,-122.92384,-55.410767,1,TRICEPS_DRUECKEN
2819,-38.106884,-5.3023686,-139.90001,-122.92384,-55.410767,1,TRICEPS_DRUECKEN
2820,-38.106884,-5.3023686,-139.90001,-122.92384,-55.410767,1,TRICEPS_DRUECKEN
2821,-38.106884,-5.3023686,-139.90001,-122.92384,-55.410767,1,TRICEPS_DRUECKEN
2822,-50.21127,-6.406237,-140.2275,-123.7229,-53.63801,1,TRICEPS_DRUECKEN
2823,-50.21127,-6.406237,-140.2275,-123.7229,-53.63801,1,TRICEPS_DRUECKEN
2824,-50.21127,-6.406237,-140.2275,-123.7229,-53.63801,1,TRICEPS_DRUECKEN
2825,-50.21127,-6.406237,-140.2275,-123.7229,-53.63801,1,TRICEPS_DRUECKEN
2826,-50.21127,-6.406237,-140.2275,-123.7229,-53.63801,1,TRICEPS_DRUECKEN
2827,-50.21127,-6.406237,-140.2275,-123.7229,-53.63801,1,TRICEPS_DRUECKEN
2828,-50.21127,-6.406237,-140.2275,-123.7229,-53.63801,1,TRICEPS_DRUECKEN
2829,-50.21127,-6.406237,-140.2275,-123.7229,-53.63801,1,TRICEPS_DRUECKEN
2830,-62.959454,-7.00201,-140.41808,-124.323,-52.88177,1,TRICEPS_DRUECKEN
2831,-62.959454,-7.00201,-140.41808,-124.323,-52.88177,1,TRICEPS_DRUECKEN
2832,-62.959454,-7.00201,-140.41808,-124.323,-52.88177,1,TRICEPS_DRUECKEN
2833,-62.959454,-7.00201,-140.41808,-124.323,-52.88177,1,TRICEPS_DRUECKEN
2834,-62.959454,-7.00201,-140.41808,-124.323,-52.88177,1,TRICEPS_DRUECKEN
2835,-62.959454,-7.00201,-140.41808,-124.323,-52.88177,1,TRICEPS_DRUECKEN
2836,-62.959454,-7.00201,-140.41808,-124.323,-52.88177,1,TRICEPS_DRUECKEN
2837,-75.03311,-5.7679176,-141.2708,-124.99441,-55.08165,1,TRICEPS_DRUECKEN
2838,-75.03311,-5.7679176,-141.2708,-124.99441,-55.08165,1,TRICEPS_DRUECKEN
2839,-75.03311,-5.7679176,-141.2708,-124.99441,-55.08165,1,TRICEPS_DRUECKEN
2840,-75.03311,-5.7679176,-141.2708,-124.99441,-55.08165,1,TRICEPS_DRUECKEN
2841,-75.03311,-5.7679176,-141.2708,-124.99441,-55.08165,1,TRICEPS_DRUECKEN
2842,-75.03311,-5.7679176,-141.2708,-124.99441,-55.08165,1,TRICEPS_DRUECKEN
2843,-75.03311,-5.7679176,-141.2708,-124.99441,-55.08165,1,TRICEPS_DRUECKEN
2844,-83.383484,-6.069117,-142.16614,-125.99413,-59.202602,1,TRICEPS_DRUECKEN
2845,-83.383484,-6.069117,-142.16614,-125.99413,-59.202602,1,TRICEPS_DRUECKEN
2846,-83.383484,-6.069117,-142.16614,-125.99413,-59.202602,1,TRICEPS_DRUECKEN
2847,-83.383484,-6.069117,-142.16614,-125.99413,-59.202602,1,TRICEPS_DRUECKEN
2848,-83.383484,-6.069117,-142.16614,-125.99413,-59.202602,1,TRICEPS_DRUECKEN
2849,-83.383484,-6.069117,-142.16614,-125.99413,-59.202602,1,TRICEPS_DRUECKEN
2850,-83.383484,-6.069117,-142.16614,-125.99413,-59.202602,1,TRICEPS_DRUECKEN
2851,-97.465675,-4.987558,-148.20361,-132.41728,-68.840164,1,TRICEPS_DRUECKEN
2852,-97.465675,-4.987558,-148.20361,-132.41728,-68.840164,1,TRICEPS_DRUECKEN
2853,-97.465675,-4.987558,-148.20361,-132.41728,-68.840164,1,TRICEPS_DRUECKEN
2854,-97.465675,-4.987558,-148.20361,-132.41728,-68.840164,1,TRICEPS_DRUECKEN
2855,-97.465675,-4.987558,-148.20361,-132.41728,-68.840164,1,TRICEPS_DRUECKEN
2856,-97.465675,-4.987558,-148.20361,-132.41728,-68.840164,1,TRICEPS_DRUECKEN
2857,-97.465675,-4.987558,-148.20361,-132.41728,-68.840164,1,TRICEPS_DRUECKEN
2858,-97.465675,-4.987558,-148.20361,-132.41728,-68.840164,1,TRICEPS_DRUECKEN
2859,-97.465675,-4.987558,-148.20361,-132.41728,-68.840164,1,TRICEPS_DRUECKEN
2860,-97.465675,-4.987558,-148.20361,-132.41728,-68.840164,1,TRICEPS_DRUECKEN
2861,-97.465675,-4.987558,-148.20361,-132.41728,-68.840164,1,TRICEPS_DRUECKEN
2862,-97.465675,-4.987558,-148.20361,-132.41728,-68.840164,1,TRICEPS_DRUECKEN
2863,-97.465675,-4.987558,-148.20361,-132.41728,-68.840164,1,TRICEPS_DRUECKEN
2864,-97.465675,-4.987558,-148.20361,-132.41728,-68.840164,1,TRICEPS_DRUECKEN
2865,-97.465675,-4.987558,-148.20361,-132.41728,-68.840164,1,TRICEPS_DRUECKEN
2866,-97.465675,-4.987558,-148.20361,-132.41728,-68.840164,1,TRICEPS_DRUECKEN
2867,-97.465675,-4.987558,-148.20361,-132.41728,-68.840164,1,TRICEPS_DRUECKEN
2868,-97.465675,-4.987558,-148.20361,-132.41728,-68.840164,1,TRICEPS_DRUECKEN
2869,-97.465675,-4.987558,-148.20361,-132.41728,-68.840164,1,TRICEPS_DRUECKEN
2870,-97.465675,-4.987558,-148.20361,-132.41728,-68.840164,1,TRICEPS_DRUECKEN
2871,-97.465675,-4.987558,-148.20361,-132.41728,-68.840164,1,TRICEPS_DRUECKEN
2872,-97.465675,-4.987558,-148.20361,-132.41728,-68.840164,1,TRICEPS_DRUECKEN
2873,-97.465675,-4.987558,-148.20361,-132.41728,-68.840164,1,TRICEPS_DRUECKEN
2874,-99.23432,-4.2225933,-148.62073,-132.18639,-70.413025,1,TRICEPS_DRUECKEN
2875,-99.23432,-4.2225933,-148.62073,-132.18639,-70.413025,1,TRICEPS_DRUECKEN
2876,-99.23432,-4.2225933,-148.62073,-132.18639,-70.413025,1,TRICEPS_DRUECKEN
2877,-99.23432,-4.2225933,-148.62073,-132.18639,-70.413025,1,TRICEPS_DRUECKEN
2878,-99.23432,-4.2225933,-148.62073,-132.18639,-70.413025,1,TRICEPS_DRUECKEN
2879,-99.23432,-4.2225933,-148.62073,-132.18639,-70.413025,1,TRICEPS_DRUECKEN
2880,-99.23432,-4.2225933,-148.62073,-132.18639,-70.413025,1,TRICEPS_DRUECKEN
2881,-99.87564,-4.0584617,-148.71384,-131.99095,-70.65457,1,TRICEPS_DRUECKEN
2882,-99.87564,-4.0584617,-148.71384,-131.99095,-70.65457,1,TRICEPS_DRUECKEN
2883,-99.87564,-4.0584617,-148.71384,-131.99095,-70.65457,1,TRICEPS_DRUECKEN
2884,-99.87564,-4.0584617,-148.71384,-131.99095,-70.65457,1,TRICEPS_DRUECKEN
2885,-99.87564,-4.0584617,-148.71384,-131.99095,-70.65457,1,TRICEPS_DRUECKEN
2886,-99.87564,-4.0584617,-148.71384,-131.99095,-70.65457,1,TRICEPS_DRUECKEN
2887,-101.00046,-3.673706,-148.55962,-131.60477,-71.06966,1,TRICEPS_DRUECKEN
2888,-101.00046,-3.673706,-148.55962,-131.60477,-71.06966,1,TRICEPS_DRUECKEN
2889,-101.00046,-3.673706,-148.55962,-131.60477,-71.06966,1,TRICEPS_DRUECKEN
2890,-101.00046,-3.673706,-148.55962,-131.60477,-71.06966,1,TRICEPS_DRUECKEN
2891,-101.97779,-4.1500845,-146.4475,-129.2959,-71.02439,1,TRICEPS_DRUECKEN
2892,-101.97779,-4.1500845,-146.4475,-129.2959,-71.02439,1,TRICEPS_DRUECKEN
2893,-101.97779,-4.1500845,-146.4475,-129.2959,-71.02439,1,TRICEPS_DRUECKEN
2894,-101.97779,-4.1500845,-146.4475,-129.2959,-71.02439,1,TRICEPS_DRUECKEN
2895,-101.97779,-4.1500845,-146.4475,-129.2959,-71.02439,1,TRICEPS_DRUECKEN
2896,-101.97779,-4.1500845,-146.4475,-129.2959,-71.02439,1,TRICEPS_DRUECKEN
2897,-98.60272,-3.345624,-142.95229,-125.08768,-68.54928,1,TRICEPS_DRUECKEN
2898,-98.60272,-3.345624,-142.95229,-125.08768,-68.54928,1,TRICEPS_DRUECKEN
2899,-98.60272,-3.345624,-142.95229,-125.08768,-68.54928,1,TRICEPS_DRUECKEN
2900,-98.60272,-3.345624,-142.95229,-125.08768,-68.54928,1,TRICEPS_DRUECKEN
2901,-98.60272,-3.345624,-142.95229,-125.08768,-68.54928,1,TRICEPS_DRUECKEN
2902,-98.60272,-3.345624,-142.95229,-125.08768,-68.54928,1,TRICEPS_DRUECKEN
2903,-98.60272,-3.345624,-142.95229,-125.08768,-68.54928,1,TRICEPS_DRUECKEN
2904,-98.60272,-3.345624,-142.95229,-125.08768,-68.54928,1,TRICEPS_DRUECKEN
2905,-90.50712,-3.5912015,-141.73593,-123.75042,-67.78018,1,TRICEPS_DRUECKEN
2906,-90.50712,-3.5912015,-141.73593,-123.75042,-67.78018,1,TRICEPS_DRUECKEN
2907,-90.50712,-3.5912015,-141.73593,-123.75042,-67.78018,1,TRICEPS_DRUECKEN
2908,-90.50712,-3.5912015,-141.73593,-123.75042,-67.78018,1,TRICEPS_DRUECKEN
2909,-90.50712,-3.5912015,-141.73593,-123.75042,-67.78018,1,TRICEPS_DRUECKEN
2910,-90.50712,-3.5912015,-141.73593,-123.75042,-67.78018,1,TRICEPS_DRUECKEN
2911,-81.22035,-3.278041,-140.63281,-122.893166,-65.16776,1,TRICEPS_DRUECKEN
2912,-81.22035,-3.278041,-140.63281,-122.893166,-65.16776,1,TRICEPS_DRUECKEN
2913,-81.22035,-3.278041,-140.63281,-122.893166,-65.16776,1,TRICEPS_DRUECKEN
2914,-81.22035,-3.278041,-140.63281,-122.893166,-65.16776,1,TRICEPS_DRUECKEN
2915,-69.704025,-3.2657669,-139.39621,-122.16676,-60.991432,1,TRICEPS_DRUECKEN
2916,-69.704025,-3.2657669,-139.39621,-122.16676,-60.991432,1,TRICEPS_DRUECKEN
2917,-69.704025,-3.2657669,-139.39621,-122.16676,-60.991432,1,TRICEPS_DRUECKEN
2918,-69.704025,-3.2657669,-139.39621,-122.16676,-60.991432,1,TRICEPS_DRUECKEN
2919,-69.704025,-3.2657669,-139.39621,-122.16676,-60.991432,1,TRICEPS_DRUECKEN
2920,-69.704025,-3.2657669,-139.39621,-122.16676,-60.991432,1,TRICEPS_DRUECKEN
2921,-69.704025,-3.2657669,-139.39621,-122.16676,-60.991432,1,TRICEPS_DRUECKEN
2922,-69.704025,-3.2657669,-139.39621,-122.16676,-60.991432,1,TRICEPS_DRUECKEN
2923,-57.26906,-3.5614252,-139.52567,-122.60423,-59.645607,1,TRICEPS_DRUECKEN
2924,-57.26906,-3.5614252,-139.52567,-122.60423,-59.645607,1,TRICEPS_DRUECKEN
2925,-57.26906,-3.5614252,-139.52567,-122.60423,-59.645607,1,TRICEPS_DRUECKEN
2926,-57.26906,-3.5614252,-139.52567,-122.60423,-59.645607,1,TRICEPS_DRUECKEN
2927,-57.26906,-3.5614252,-139.52567,-122.60423,-59.645607,1,TRICEPS_DRUECKEN
2928,-57.26906,-3.5614252,-139.52567,-122.60423,-59.645607,1,TRICEPS_DRUECKEN
2929,-45.885082,-4.5913696,-139.4935,-123.63613,-56.42975,1,TRICEPS_DRUECKEN
2930,-45.885082,-4.5913696,-139.4935,-123.63613,-56.42975,1,TRICEPS_DRUECKEN
2931,-45.885082,-4.5913696,-139.4935,-123.63613,-56.42975,1,TRICEPS_DRUECKEN
2932,-45.885082,-4.5913696,-139.4935,-123.63613,-56.42975,1,TRICEPS_DRUECKEN
2933,-45.885082,-4.5913696,-139.4935,-123.63613,-56.42975,1,TRICEPS_DRUECKEN
2934,-45.885082,-4.5913696,-139.4935,-123.63613,-56.42975,1,TRICEPS_DRUECKEN
2935,-33.95625,-2.2829788,-140.2523,-124.68326,-52.887714,1,TRICEPS_DRUECKEN
2936,-33.95625,-2.2829788,-140.2523,-124.68326,-52.887714,1,TRICEPS_DRUECKEN
2937,-33.95625,-2.2829788,-140.2523,-124.68326,-52.887714,1,TRICEPS_DRUECKEN
2938,-33.95625,-2.2829788,-140.2523,-124.68326,-52.887714,1,TRICEPS_DRUECKEN
2939,-33.95625,-2.2829788,-140.2523,-124.68326,-52.887714,1,TRICEPS_DRUECKEN
2940,-33.95625,-2.2829788,-140.2523,-124.68326,-52.887714,1,TRICEPS_DRUECKEN
2941,-33.95625,-2.2829788,-140.2523,-124.68326,-52.887714,1,TRICEPS_DRUECKEN
2942,-25.152266,-1.8415414,-140.31166,-124.22989,-52.858807,1,TRICEPS_DRUECKEN
2943,-25.152266,-1.8415414,-140.31166,-124.22989,-52.858807,1,TRICEPS_DRUECKEN
2944,-25.152266,-1.8415414,-140.31166,-124.22989,-52.858807,1,TRICEPS_DRUECKEN
